{"metadata":{"formatVersion":2,"generatedBy":"LeapJS Playback 0.2.1","frames":404,"protocolVersion":6,"serviceVersion":"2.3.1+31549","frameRate":"1.1e+2","modified":"Sun Nov 19 2017 17:48:30 GMT+0200 (IST)"},"frames":[["id","timestamp",{"hands":[["id","type","direction","palmNormal","palmPosition","palmVelocity","stabilizedPalmPosition","pinchStrength","grabStrength","confidence","armBasis","armWidth","elbow","wrist"]]},{"pointables":[["id","direction","handId","length","stabilizedTipPosition","tipPosition","tipVelocity","tool","carpPosition","mcpPosition","pipPosition","dipPosition","btipPosition","bases","type"]]},{"interactionBox":["center","size"]}],[17404,1511103728851387,[[6,"right",[0.0666773,0.347588,-0.935274],[-0.294567,-0.888722,-0.351288],[154.648,203.893,185.939],[1.19209e-7,1.19209e-7,1.19209e-7],[154.648,203.893,185.939],0,0,0,[[0.950745,-0.309647,-0.0142694],[0.294252,0.887086,0.355661],[-0.0974711,-0.342342,0.934506]],62.0638,[133.825,97.1009,482.047],[159.459,187.131,236.289]]],[[60,[-0.443977,0.0148355,-0.895915],6,50.7618,[82.6068,188.617,150.297],[82.6068,188.617,150.297],[1.19209e-7,1.19209e-7,1.19209e-7],false,[129.667,184.924,236.908],[129.667,184.924,236.908],[102.677,189.45,196.722],[87.933,189.943,166.969],[81.0159,188.221,145.317],[[[0.660086,0.742437,0.114344],[-0.661499,0.50237,0.556816],[0.355958,-0.443184,0.822728]],[[0.467572,0.856774,-0.217521],[-0.687908,0.507218,0.519147],[0.555122,-0.0931039,0.826542]],[[0.467572,0.856774,-0.217521],[-0.76437,0.515479,0.387325],[0.443977,-0.0148355,0.895915]],[[0.467572,0.856774,-0.217521],[-0.830241,0.510128,0.224655],[0.303442,0.0755522,0.94985]]],0],[61,[-0.137379,-0.370102,-0.918777],6,57.279,[130.358,217.78,98.7195],[130.358,217.78,98.7195],[1.19209e-7,1.19209e-7,1.19209e-7],false,[143.461,203.124,233.512],[133.645,221.516,164.954],[136.915,237.32,126.346],[133.68,228.607,104.716],[129.366,214.547,96.9284],[[[0.950964,-0.236319,-0.199552],[0.277315,0.937164,0.211706],[0.136983,-0.256664,0.956744]],[[0.960353,-0.276939,-0.0320387],[0.267615,0.883556,0.384331],[-0.0781283,-0.377667,0.922639]],[[0.960353,-0.276939,-0.0320387],[0.242588,0.886752,-0.393474],[0.137379,0.370102,0.918777]],[[0.960353,-0.276939,-0.0320387],[0.102526,0.457706,-0.883172],[0.259249,0.844872,0.467953]]],1],[62,[-0.183743,-0.394122,-0.900503],6,65.2648,[152.309,209.927,90.5046],[152.309,209.927,90.5046],[1.19209e-7,1.19209e-7,1.19209e-7],false,[155.125,202.021,230.947],[154.722,217.011,164.667],[163.11,232.412,121.118],[158.021,221.496,96.1766],[150.603,206.471,88.8103],[[[0.899425,-0.425101,-0.101605],[0.437034,0.877857,0.195875],[0.00592815,-0.22058,0.975351]],[[0.89389,-0.448076,0.0137152],[0.411141,0.831632,0.373299],[-0.178673,-0.32805,0.92761]],[[0.89389,-0.448076,0.0137152],[0.4089,0.802431,-0.434633],[0.183743,0.394122,0.900503]],[[0.89389,-0.448076,0.0137152],[0.191586,0.354188,-0.915339],[0.405284,0.82084,0.40245]]],2],[63,[0.108595,-0.0517527,-0.992738],6,62.7539,[185.121,206.257,85.9151],[185.121,206.257,85.9151],[1.19209e-7,1.19209e-7,1.19209e-7],false,[166.213,197.906,229.129],[174.596,208.464,169.626],[181.103,209.06,126.601],[184.033,207.664,99.8146],[185.446,205.837,81.7633],[[[0.854972,-0.517887,0.0285582],[0.500144,0.837764,0.219108],[-0.137398,-0.173048,0.975283]],[[0.838422,-0.531774,0.119436],[0.524108,0.846775,0.0910092],[-0.149532,-0.0137066,0.988662]],[[0.838422,-0.531774,0.119436],[0.534093,0.845303,0.0143573],[-0.108595,0.0517527,0.992738]],[[0.838422,-0.531774,0.119436],[0.539465,0.840914,-0.0428951],[-0.0776252,0.100396,0.991915]]],3],[64,[0.185777,-0.275751,-0.943106],6,49.1979,[206,180.922,112.443],[206,180.922,112.443],[1.19209e-7,1.19209e-7,1.19209e-7],false,[174.951,187.184,228.204],[190.767,196.338,174.764],[201.237,190.775,142.429],[204.777,185.522,124.463],[206.366,179.548,108.853],[[[0.738854,-0.66569,0.104646],[0.612918,0.728413,0.30618],[-0.280047,-0.162083,0.946205]],[[0.650187,-0.685135,0.328401],[0.6963,0.710283,0.103271],[-0.304012,0.16152,0.938876]],[[0.650187,-0.685135,0.328401],[0.736711,0.674205,-0.0520071],[-0.185777,0.275751,0.943106]],[[0.650187,-0.685135,0.328401],[0.753855,0.635593,-0.166506],[-0.0946498,0.355827,0.929747]]],4]],[[0,200,0],[235.247,235.247,147.751]]],[17405,1511103728860059,[[6,"right",[0.0565912,0.344303,-0.937151],[-0.306164,-0.887447,-0.34453],[151.889,205.322,186.256],[-318.226,164.834,36.5865],[154.539,203.949,185.951],0,0,0.0445855,[[0.947025,-0.320703,-0.0171434],[0.305346,0.882563,0.357555],[-0.0995389,-0.343848,0.933735]],62.0638,[131.079,98.2458,482.143],[157.256,188.672,236.587]]],[[60,[-0.453926,0.0151467,-0.890911],6,50.7618,[82.4453,188.712,150.362],[79.3879,190.474,151.599],[-362.555,212.385,146.681],false,[127.46,186.697,237.619],[127.46,186.697,237.619],[99.9705,191.356,197.787],[84.8959,191.859,168.2],[77.8399,190.041,146.601],[[[0.667281,0.737639,0.10308],[-0.649956,0.509114,0.564234],[0.363721,-0.443499,0.819155]],[[0.471645,0.852384,-0.225815],[-0.676675,0.514064,0.527114],[0.565388,-0.0958073,0.819242]],[[0.471645,0.852384,-0.225815],[-0.755978,0.522696,0.394063],[0.453926,-0.0151467,0.89091]],[[0.471645,0.852384,-0.225815],[-0.825675,0.516799,0.22623],[0.309536,0.0797495,0.947538]]],0],[61,[-0.152698,-0.372875,-0.915231],6,57.279,[130.109,217.867,98.7621],[126.531,219.117,99.3576],[-440.567,152.354,75.2213],false,[141.346,204.78,233.98],[130.738,223.045,165.506],[133.621,238.711,126.81],[130.026,229.933,105.264],[125.496,215.866,97.6119],[[[0.946306,-0.24426,-0.211758],[0.287384,0.93561,0.205049],[0.148037,-0.254895,0.95557]],[[0.957659,-0.284547,-0.0438489],[0.279541,0.882542,0.378122],[-0.0688949,-0.37437,0.924717]],[[0.957659,-0.284547,-0.0438489],[0.244076,0.883174,-0.400537],[0.152698,0.372875,0.915231]],[[0.957659,-0.284547,-0.0438489],[0.0937745,0.452281,-0.886932],[0.272206,0.845266,0.459814]]],1],[62,[-0.197966,-0.394458,-0.897336],6,65.2648,[152.037,210.007,90.5224],[148.327,211.088,90.7946],[-457.048,133.454,29.9018],false,[152.964,203.58,231.259],[151.773,218.376,164.945],[159.695,233.533,121.224],[154.212,222.608,96.3699],[146.593,207.642,89.0894],[[[0.894656,-0.432348,-0.112542],[0.446411,0.875022,0.187227],[0.0175299,-0.217744,0.975849]],[[0.890457,-0.455053,0.00358696],[0.422628,0.829878,0.364265],[-0.168737,-0.322846,0.931289]],[[0.890457,-0.455053,0.00358696],[0.409751,0.798329,-0.441333],[0.197966,0.394458,0.897336]],[[0.890457,-0.455053,0.00358696],[0.183938,0.3527,-0.91748],[0.416237,0.817636,0.397766]]],2],[63,[0.0792576,-0.0736394,-0.99413],6,62.7539,[184.618,206.258,85.9073],[180.396,206.541,85.8639],[-577.136,0.646331,-8.91412],false,[163.995,199.373,229.303],[171.646,209.69,169.659],[177.447,210.172,126.532],[179.585,208.185,99.7079],[180.275,205.688,81.6948],[[[0.851269,-0.524403,0.018497],[0.509521,0.834509,0.20972],[-0.125414,-0.169104,0.977586]],[[0.836507,-0.537506,0.106506],[0.531499,0.843187,0.0808976],[-0.133288,-0.0110634,0.991016]],[[0.836507,-0.537506,0.106506],[0.542195,0.840038,-0.0189984],[-0.0792576,0.0736394,0.994131]],[[0.836507,-0.537506,0.106506],[0.546647,0.832025,-0.0944056],[-0.0378723,0.137192,0.98982]]],3],[64,[0.170346,-0.278791,-0.945123],6,49.1979,[205.731,180.981,112.421],[202.023,181.773,112.119],[-460.793,100.555,-38.8892],false,[172.636,188.581,228.292],[187.793,197.455,174.614],[197.73,191.728,142.14],[200.976,186.417,124.135],[202.311,180.413,108.513],[[[0.735065,-0.671078,0.0966099],[0.622627,0.724546,0.295582],[-0.268357,-0.15712,0.95042]],[[0.649883,-0.689186,0.320428],[0.703128,0.705243,0.0907944],[-0.288554,0.166296,0.942912]],[[0.649883,-0.689186,0.320428],[0.740698,0.668803,-0.0637814],[-0.170346,0.278791,0.945123]],[[0.649883,-0.689186,0.320428],[0.755858,0.630201,-0.177554],[-0.0795659,0.357587,0.930484]]],4]],[[0,200,0],[235.247,235.247,147.751]]],[17406,1511103728868740,[[6,"right",[0.0474933,0.34487,-0.937448],[-0.318621,-0.88425,-0.341442],[147.571,207.43,186.147],[-365.912,185.615,23.5042],[153.846,204.295,185.971],0,0,0.0898088,[[0.942852,-0.332535,-0.0212144],[0.31774,0.878077,0.3578],[-0.100353,-0.344093,0.933557]],62.0638,[127.052,100.184,481.895],[153.443,190.674,236.386]]],[[60,[-0.462495,0.0185147,-0.886428],6,50.7618,[81.4854,189.266,150.604],[74.6335,193.2,152.361],[-409.697,238.117,129.871],false,[123.646,188.967,237.804],[123.646,188.967,237.804],[95.7114,193.91,198.318],[80.3522,194.525,168.881],[73.1137,192.728,147.34],[[[0.675197,0.731475,0.0951508],[-0.637935,0.514293,0.573185],[0.370335,-0.447713,0.813883]],[[0.476469,0.848335,-0.230879],[-0.665485,0.519606,0.535854],[0.57455,-0.101671,0.81213]],[[0.476469,0.848335,-0.230879],[-0.747714,0.529136,0.401173],[0.462495,-0.0185147,0.886428]],[[0.476469,0.848335,-0.230879],[-0.819843,0.523559,0.231826],[0.317545,0.0788267,0.944961]]],0],[61,[-0.167975,-0.371818,-0.912982],6,57.279,[128.683,218.445,98.9035],[121.217,221.511,99.619],[-486.151,184.412,63.5013],false,[137.646,206.928,234.003],[126.313,225.368,165.693],[128.845,241.028,126.97],[124.89,232.274,105.477],[120.133,218.242,97.9001],[[[0.941226,-0.252532,-0.224322],[0.298462,0.932742,0.202268],[0.158156,-0.257331,0.953293]],[[0.954397,-0.293207,-0.0561844],[0.292348,0.879763,0.374898],[-0.0604939,-0.374227,0.925362]],[[0.954397,-0.293207,-0.0561844],[0.246802,0.880784,-0.404114],[0.167975,0.371818,0.912982]],[[0.954397,-0.293207,-0.0561844],[0.0861184,0.450586,-0.88857],[0.285851,0.84321,0.455288]]],1],[62,[-0.209867,-0.388239,-0.897344],6,65.2648,[150.519,210.579,90.5194],[142.937,213.387,90.6142],[-498.877,169.193,13.9848],false,[149.217,205.626,231.13],[147.297,220.51,164.854],[154.839,235.576,121.033],[149.026,224.822,96.1792],[141.218,209.999,88.8095],[[[0.889177,-0.440261,-0.12464],[0.45669,0.870745,0.182312],[0.0282644,-0.219029,0.975309]],[[0.886149,-0.46335,-0.00677887],[0.434661,0.826033,0.358803],[-0.160652,-0.3209,0.933389]],[[0.886149,-0.46335,-0.00677887],[0.413153,0.796603,-0.441279],[0.209867,0.388239,0.897344]],[[0.886149,-0.46335,-0.00677887],[0.181071,0.359687,-0.915335],[0.426559,0.809896,0.402635]]],2],[63,[0.0537446,-0.0878104,-0.994686],6,62.7539,[182.029,206.53,85.7884],[174.238,207.908,85.4393],[-618.64,35.355,-19.7122],false,[160.183,201.323,229.027],[167.15,211.64,169.299],[172.224,212.013,126.079],[173.674,209.644,99.2401],[173.776,206.729,81.2768],[[[0.84667,-0.532074,0.00685725],[0.519719,0.829639,0.203939],[-0.1142,-0.169105,0.97896]],[[0.833307,-0.54491,0.0931293],[0.540375,0.838451,0.0706765],[-0.116597,-0.00857052,0.993142]],[[0.833307,-0.54491,0.0931293],[0.550192,0.833884,-0.0438871],[-0.0537446,0.0878104,0.994686]],[[0.833307,-0.54491,0.0931293],[0.552782,0.823062,-0.130389],[-0.00560086,0.160134,0.987079]]],3],[64,[0.152558,-0.278189,-0.948334],6,49.1979,[204.161,181.42,112.229],[196.403,183.567,111.304],[-512.597,129.662,-54.1887],false,[168.713,190.454,227.891],[183.248,199.254,174.03],[192.619,193.523,141.388],[195.525,188.224,123.322],[196.551,182.24,107.67],[[[0.730173,-0.677787,0.0863236],[0.632936,0.718561,0.288205],[-0.25737,-0.155802,0.95367]],[[0.64906,-0.695416,0.308411],[0.710417,0.699079,0.0812135],[-0.272081,0.166388,0.94778]],[[0.64906,-0.695416,0.308411],[0.745283,0.662576,-0.0744702],[-0.152558,0.278189,0.948334]],[[0.64906,-0.695416,0.308411],[0.758279,0.623977,-0.188855],[-0.0611079,0.35644,0.932318]]],4]],[[0,200,0],[235.247,235.247,147.751]]],[17407,1511103728877394,[[6,"right",[0.0381646,0.348715,-0.936451],[-0.325574,-0.88166,-0.34158],[142.414,209.253,184.027],[-427.012,192.265,-47.8133],[151.712,205.221,185.608],0,0,0.132218,[[0.941361,-0.335851,-0.0323124],[0.325052,0.877062,0.353701],[-0.0904508,-0.343463,0.9348]],62.0638,[125.004,101.937,479.961],[148.791,192.261,234.125]]],[[60,[-0.471482,0.0235194,-0.881562],6,50.7618,[78.6368,190.684,150.678],[69.0671,195.425,150.995],[-471.614,243.312,53.3114],false,[119.006,190.653,235.871],[119.006,190.653,235.871],[90.6462,195.874,196.725],[74.9886,196.655,167.449],[67.4909,194.988,145.987],[[[0.678813,0.728696,0.0906413],[-0.629619,0.51406,0.582514],[0.37788,-0.452487,0.807751]],[[0.476964,0.84762,-0.232479],[-0.657478,0.519622,0.545634],[0.583291,-0.107398,0.805132]],[[0.476964,0.84762,-0.232479],[-0.741761,0.530083,0.410855],[0.471482,-0.0235194,0.881562]],[[0.476964,0.84762,-0.232479],[-0.815059,0.525538,0.243903],[0.328913,0.0731509,0.941523]]],0],[61,[-0.179568,-0.369016,-0.911912],6,57.279,[124.7,219.975,98.6066],[115.139,223.726,97.8695],[-543.516,202.181,-6.99834],false,[133.026,208.581,231.989],[120.99,227.352,163.889],[123.145,243.109,125.183],[118.917,234.421,103.715],[114.026,220.425,96.1566],[[[0.937742,-0.254858,-0.235982],[0.304023,0.930818,0.202849],[0.167959,-0.261964,0.95035]],[[0.952661,-0.296416,-0.0676437],[0.299647,0.877704,0.373963],[-0.0514773,-0.376529,0.924974]],[[0.952661,-0.296416,-0.0676437],[0.245343,0.880889,-0.404773],[0.179568,0.369016,0.911912]],[[0.952661,-0.296416,-0.0676437],[0.077735,0.452559,-0.88834],[0.293931,0.841028,0.454177]]],1],[62,[-0.21945,-0.382351,-0.89758],6,65.2648,[146.35,212.111,89.8418],[136.778,215.598,88.4692],[-554.84,191.338,-57.3319],false,[144.559,207.251,228.98],[141.946,222.425,162.793],[149.046,237.518,118.909],[142.968,226.928,94.048],[135.053,212.208,86.5852],[[[0.886152,-0.442829,-0.136517],[0.461796,0.868354,0.180849],[0.03846,-0.223303,0.97399]],[[0.884278,-0.466637,-0.0174203],[0.441792,0.82395,0.35486],[-0.151237,-0.321491,0.934757]],[[0.884278,-0.466637,-0.0174203],[0.412183,0.797532,-0.440508],[0.21945,0.382351,0.89758]],[[0.884278,-0.466637,-0.0174203],[0.17625,0.368075,-0.912938],[0.432422,0.804221,0.407725]]],2],[63,[0.0312211,-0.0984914,-0.994648],6,62.7539,[175.659,207.426,84.6514],[167.408,209.399,83.0889],[-668.711,65.1694,-86.4157],false,[155.485,202.918,226.735],[161.817,213.467,166.977],[166.242,213.838,123.685],[167.085,211.181,96.8478],[166.673,207.929,78.947],[[[0.844803,-0.535055,-0.00494063],[0.524918,0.826936,0.20159],[-0.103776,-0.172897,0.979458]],[[0.83255,-0.548083,0.0804049],[0.544535,0.83638,0.0628465],[-0.101694,-0.00853956,0.994779]],[[0.83255,-0.548083,0.0804049],[0.553069,0.830605,-0.0648873],[-0.0312211,0.0984914,0.994648]],[[0.83255,-0.548083,0.0804049],[0.553488,0.817119,-0.161143],[0.0226195,0.178663,0.98365]]],3],[64,[0.133794,-0.274648,-0.952191],6,49.1979,[199.8,182.702,111.074],[190.038,185.576,108.491],[-576.205,157.365,-127.057],false,[163.963,192.025,225.458],[177.923,201.004,171.474],[186.729,195.448,138.645],[189.278,190.215,120.506],[189.964,184.274,104.818],[[[0.728691,-0.6807,0.0752141],[0.638681,0.715103,0.284103],[-0.247174,-0.158985,0.955839]],[[0.652205,-0.699017,0.293266],[0.713619,0.696667,0.0735051],[-0.25569,0.16134,0.953201]],[[0.652205,-0.699017,0.293266],[0.746142,0.660261,-0.0856023],[-0.133794,0.274648,0.952191]],[[0.652205,-0.699017,0.293266],[0.756939,0.621411,-0.202215],[-0.0408866,0.35387,0.9344]]],4]],[[0,200,0],[235.247,235.247,147.751]]],[17408,1511103728886058,[[6,"right",[0.0283606,0.366559,-0.929963],[-0.320563,-0.877865,-0.355799],[137,210.176,182.014],[-479.601,169.479,-96.8553],[147.337,206.695,184.539],0,0,0.172573,[[0.944075,-0.327057,-0.0419009],[0.320864,0.881973,0.345211],[-0.0759482,-0.339349,0.937589]],62.0638,[123.914,103.059,478.306],[143.887,192.302,231.736]]],[[60,[-0.47638,0.0388015,-0.878383],6,50.7618,[73.079,192.923,150.145],[63.4818,196.641,149.287],[-519.537,221.14,-12.7247],false,[114.131,190.404,233.665],[114.131,190.404,233.665],[85.4455,196.316,194.856],[69.6252,197.605,165.685],[61.758,196.503,144.319],[[[0.673245,0.732694,0.0995055],[-0.629689,0.497578,0.596581],[0.387599,-0.464302,0.796361]],[[0.470173,0.85543,-0.217205],[-0.656399,0.503442,0.56186],[0.589982,-0.121598,0.798208]],[[0.470173,0.85543,-0.217205],[-0.742967,0.516464,0.425753],[0.47638,-0.0388015,0.878383]],[[0.470173,0.85543,-0.217205],[-0.812298,0.515662,0.272517],[0.345123,0.0483052,0.937314]]],0],[61,[-0.183256,-0.354447,-0.916943],6,57.279,[117.364,222.721,97.5578],[108.965,225.973,96.3384],[-588.659,216.47,-52.3097],false,[127.969,208.522,230.021],[115.277,228.465,162.375],[117.002,244.907,123.933],[112.688,236.563,102.347],[107.86,222.665,94.5687],[[[0.938123,-0.242281,-0.247436],[0.297582,0.929432,0.218177],[0.177115,-0.278309,0.94402]],[[0.954625,-0.286895,-0.0798863],[0.294945,0.873674,0.386913],[-0.041209,-0.392919,0.918649]],[[0.954625,-0.286895,-0.0798863],[0.234751,0.889976,-0.39094],[0.183256,0.354447,0.916943]],[[0.954625,-0.286895,-0.0798863],[0.0673758,0.469348,-0.880439],[0.290089,0.835107,0.467381]]],1],[62,[-0.21973,-0.364963,-0.904721],6,65.2648,[138.941,215.021,88.1107],[130.705,218.228,86.4684],[-592.66,220.591,-106.064],false,[139.491,207.348,226.906],[136.265,223.74,161.036],[142.927,239.533,117.33],[136.841,229.425,92.2714],[129.039,214.854,84.4081],[[[0.888859,-0.432526,-0.151165],[0.455715,0.868755,0.193877],[0.0474685,-0.241217,0.96931]],[[0.88793,-0.458966,-0.0305056],[0.437545,0.822306,0.363823],[-0.141897,-0.336397,0.930968]],[[0.88793,-0.458966,-0.0305056],[0.404103,0.810032,-0.42491],[0.21973,0.364963,0.904721]],[[0.88793,-0.458966,-0.0305056],[0.172887,0.394458,-0.902504],[0.426251,0.796086,0.4296]]],2],[63,[0.0130054,-0.0964792,-0.99525],6,62.7539,[167.948,208.99,82.8525],[160.633,211.589,80.994],[-702.964,107.817,-127.85],false,[150.436,203.153,224.501],[156.241,214.877,164.908],[160.141,215.826,121.575],[160.492,213.223,94.7215],[159.668,209.858,76.856],[[[0.849257,-0.52756,-0.0210575],[0.519336,0.827501,0.213382],[-0.0951467,-0.192152,0.976742]],[[0.837843,-0.542204,0.0635095],[0.538507,0.839963,0.0668737],[-0.0896048,-0.0218294,0.995738]],[[0.837843,-0.542204,0.0635095],[0.545756,0.83469,-0.0737829],[-0.0130054,0.0964792,0.99525]],[[0.837843,-0.542204,0.0635095],[0.544031,0.819642,-0.179493],[0.0452669,0.184938,0.981707]]],3],[64,[0.119499,-0.257397,-0.958888],6,49.1979,[192.077,185.381,108.474],[183.888,188.315,105.669],[-617.05,198.986,-180.571],false,[158.997,192.36,222.958],[172.486,202.471,169.055],[180.883,197.656,136.003],[183.16,192.753,117.735],[183.58,187.049,101.951],[[[0.734975,-0.675681,0.0571658],[0.634645,0.715124,0.292958],[-0.238827,-0.179037,0.954415]],[[0.662541,-0.69863,0.270102],[0.708228,0.701692,0.0777231],[-0.243829,0.139799,0.959689]],[[0.662541,-0.69863,0.270102],[0.739432,0.66758,-0.0870509],[-0.119499,0.257397,0.958888]],[[0.662541,-0.69863,0.270102],[0.748608,0.629664,-0.207628],[-0.025019,0.339763,0.940178]]],4]],[[0,200,0],[235.247,235.247,147.751]]],[17409,1511103728894724,[[6,"right",[0.0204206,0.36281,-0.931639],[-0.325355,-0.878701,-0.349326],[131.673,212.857,179.516],[-515.531,206.667,-147.75],[140.575,209.355,182.371],0,0,0.216073,[[0.943703,-0.325279,-0.0601601],[0.325447,0.880393,0.344953],[-0.0592414,-0.345112,0.93669]],62.0638,[123.408,104.41,475.577],[138.987,195.169,229.244]]],[[60,[-0.482984,0.0383641,-0.874788],6,50.7618,[65.1311,196.54,148.841],[57.6243,199.693,147.625],[-565.632,261.335,-59.4766],false,[109.246,193.331,231.454],[109.246,193.331,231.454],[80.2425,199.281,192.888],[64.2029,200.555,163.837],[55.5794,199.812,142.749],[[[0.675406,0.731887,0.0903742],[-0.623295,0.50106,0.600368],[0.394119,-0.461822,0.794601]],[[0.471358,0.85333,-0.222821],[-0.64959,0.506802,0.566732],[0.596535,-0.122391,0.7932]],[[0.471358,0.85333,-0.222821],[-0.737935,0.519957,0.430228],[0.482984,-0.0383641,0.874788]],[[0.471358,0.85333,-0.222821],[-0.796686,0.520351,0.307452],[0.378303,0.0325986,0.925108]]],0],[61,[-0.192931,-0.358938,-0.913204],6,57.279,[109.684,225.568,95.687],[102.833,228.27,94.0135],[-621.101,228.052,-110.336],false,[123.082,211.41,227.61],[109.802,231.106,160.005],[111.145,247.278,121.434],[106.603,238.827,99.9349],[101.679,224.915,92.2442],[[[0.935379,-0.244926,-0.255102],[0.301196,0.929762,0.211717],[0.185329,-0.274871,0.943451]],[[0.953341,-0.288821,-0.0878888],[0.300186,0.875921,0.377691],[-0.0321013,-0.386451,0.921751]],[[0.953341,-0.288821,-0.0878888],[0.232206,0.887551,-0.397912],[0.192931,0.358938,0.913204]],[[0.953341,-0.288821,-0.0878888],[0.0600012,0.466581,-0.882441],[0.295875,0.835993,0.46214]]],1],[62,[-0.224421,-0.363956,-0.903975],6,65.2648,[131.587,217.897,85.6672],[124.655,220.556,83.7771],[-619.2,233.543,-163.58],false,[134.573,210.203,224.393],[130.768,226.339,158.492],[137.087,241.773,114.606],[130.872,231.692,89.5688],[123.029,217.207,81.5872],[[[0.886674,-0.434699,-0.157622],[0.458992,0.868709,0.186203],[0.0559858,-0.237448,0.969785]],[[0.88668,-0.461097,-0.0344816],[0.442359,0.824208,0.353554],[-0.134602,-0.328742,0.934778]],[[0.88668,-0.461097,-0.0344816],[0.40427,0.809275,-0.426193],[0.224421,0.363956,0.903975]],[[0.88668,-0.461097,-0.0344816],[0.173782,0.401427,-0.899253],[0.428484,0.791357,0.436067]]],2],[63,[-0.00463631,-0.113193,-0.993562],6,62.7539,[160.203,210.591,80.5058],[153.908,213.147,78.3484],[-724.156,123.121,-174.211],false,[145.488,205.979,221.905],[150.764,217.455,162.215],[154.137,218.022,118.831],[154.011,214.968,92.0229],[152.795,211.198,74.2609],[[[0.848108,-0.529146,-0.0267776],[0.522719,0.827419,0.205285],[-0.0864694,-0.188101,0.978336]],[[0.837441,-0.543441,0.0580044],[0.541005,0.839346,0.0530263],[-0.0775024,-0.0130258,0.996907]],[[0.837441,-0.543441,0.0580044],[0.546508,0.831781,-0.0973118],[0.00463631,0.113193,0.993562]],[[0.837441,-0.543441,0.0580044],[0.542426,0.813483,-0.209807],[0.0668322,0.207164,0.976021]]],3],[64,[0.100643,-0.264963,-0.958992],6,49.1979,[184.487,187.945,105.602],[177.427,190.523,102.815],[-655.674,212.21,-220.251],false,[154.015,195.164,220.326],[167.024,205.038,166.261],[174.915,200.079,133.106],[176.832,195.031,114.836],[176.89,189.167,99.105],[[[0.734296,-0.676751,0.0530856],[0.638561,0.715155,0.284243],[-0.230326,-0.17482,0.957282]],[[0.665433,-0.698642,0.262865],[0.710422,0.700835,0.0642699],[-0.229127,0.143978,0.96269]],[[0.665433,-0.698642,0.262865],[0.739642,0.664601,-0.106001],[-0.100643,0.264963,0.958992]],[[0.665433,-0.698642,0.262865],[0.746449,0.624425,-0.230014],[-0.00344188,0.349274,0.937014]]],4]],[[0,200,0],[235.247,235.247,147.751]]],[17410,1511103728903473,[[6,"right",[0.0121681,0.355758,-0.934499],[-0.337642,-0.878215,-0.338727],[126.484,215.106,177.3],[-536.319,220.179,-176.039],[132.899,212.488,179.608],0,0,0.259354,[[0.940354,-0.330327,-0.0813512],[0.337577,0.876415,0.343421],[-0.042144,-0.3504,0.935651]],62.0638,[123.17,105.568,473.124],[134.253,197.717,227.064]]],[[60,[-0.491131,0.0368853,-0.870304],6,50.7618,[57.6013,200.184,147.562],[51.7408,202.697,146.53],[-597.523,286.798,-76.066],false,[104.526,196.169,229.654],[104.526,196.169,229.654],[75.077,202.234,191.446],[58.7668,203.459,162.544],[49.4245,202.994,141.756],[[[0.683105,0.726294,0.0765803],[-0.611219,0.511161,0.604256],[0.399722,-0.459578,0.793102]],[[0.47748,0.847034,-0.233553],[-0.636506,0.516691,0.572617],[0.6057,-0.124755,0.785852]],[[0.47748,0.847034,-0.233553],[-0.728563,0.530258,0.433616],[0.491131,-0.0368853,0.870304]],[[0.47748,0.847034,-0.233553],[-0.777205,0.531147,0.337395],[0.409836,0.0204188,0.911931]]],0],[61,[-0.207968,-0.363129,-0.908233],6,57.279,[102.323,228.034,93.5818],[96.6757,230.112,91.989],[-644.202,222.931,-143.906],false,[118.477,214.091,225.506],[104.54,233.412,157.925],[105.481,249.186,119.177],[100.585,240.637,97.7956],[95.4405,226.749,90.2066],[[[0.929878,-0.255378,-0.264783],[0.312244,0.928484,0.201049],[0.194504,-0.269628,0.943117]],[[0.949486,-0.298031,-0.0982559],[0.313002,0.876973,0.364619],[-0.0224999,-0.376955,0.925958]],[[0.949486,-0.298031,-0.0982559],[0.235002,0.882788,-0.406766],[0.207968,0.363129,0.908233]],[[0.949486,-0.298031,-0.0982559],[0.0539111,0.463367,-0.884525],[0.309144,0.834547,0.456028]]],1],[62,[-0.235244,-0.365217,-0.900709],6,65.2648,[124.48,220.22,83.0686],[118.467,222.148,81.3855],[-641.876,219.275,-195.613],false,[129.916,212.755,222.157],[125.441,228.441,156.189],[131.367,243.303,112.052],[124.852,233.187,87.1044],[116.83,218.809,79.1068],[[[0.880661,-0.443974,-0.165299],[0.46915,0.865798,0.174047],[0.0658427,-0.230826,0.970765]],[[0.88185,-0.469846,-0.0398067],[0.454321,0.824037,0.338461],[-0.126222,-0.316557,0.940138]],[[0.88185,-0.469846,-0.0398067],[0.408657,0.803655,-0.432595],[0.235244,0.365217,0.900709]],[[0.88185,-0.469846,-0.0398067],[0.174027,0.402763,-0.898608],[0.43824,0.78551,0.436943]]],2],[63,[-0.022166,-0.128338,-0.991483],6,62.7539,[152.576,211.851,77.9935],[147.208,214,75.9216],[-735.106,114.929,-200.83],false,[140.761,208.413,219.566],[145.4,219.402,159.731],[148.206,219.492,116.303],[147.608,216.029,89.5511],[146.016,211.933,71.8914],[[[0.842862,-0.537099,-0.0332878],[0.53273,0.824066,0.19265],[-0.0760406,-0.180111,0.980703]],[[0.832972,-0.550802,0.0526736],[0.549545,0.834633,0.0372397],[-0.0644749,-0.00207305,0.997917]],[[0.832972,-0.550802,0.0526736],[0.552871,0.82471,-0.119111],[0.022166,0.128338,0.991483]],[[0.832972,-0.550802,0.0526736],[0.546356,0.80371,-0.235681],[0.087479,0.225094,0.970402]]],3],[64,[0.0787662,-0.275728,-0.958003],6,49.1979,[176.942,189.908,102.725],[170.76,191.724,100.205],[-687.135,191.113,-240.965],false,[149.169,197.509,217.962],[161.595,206.865,163.669],[168.889,201.602,130.424],[170.39,196.35,112.173],[170.031,190.291,96.5199],[[[0.72871,-0.683062,0.0490709],[0.648516,0.711324,0.271008],[-0.220021,-0.165663,0.961326]],[[0.663481,-0.702739,0.25681],[0.717595,0.694843,0.04744],[-0.21178,0.15281,0.965297]],[[0.663481,-0.702739,0.25681],[0.744036,0.655844,-0.127588],[-0.0787662,0.275728,0.958003]],[[0.663481,-0.702739,0.25681],[0.747889,0.61312,-0.254454],[0.0213594,0.36089,0.932364]]],4]],[[0,200,0],[235.247,235.247,147.751]]],[17411,1511103728912064,[[6,"right",[0.0053299,0.348691,-0.937223],[-0.346664,-0.878471,-0.328804],[121.488,217.307,174.953],[-548.242,229.678,-201.677],[126.549,215.17,177.018],0,0,0.30032,[[0.9377,-0.332273,-0.101558],[0.346555,0.873517,0.341859],[-0.0248779,-0.355757,0.934247]],62.0638,[123.088,106.681,470.459],[129.631,200.238,224.769]]],[[60,[-0.498065,0.0327694,-0.86652],6,50.7618,[50.842,203.408,146.125],[46.242,205.284,145.071],[-610.522,291.268,-100.156],false,[99.9217,198.905,227.66],[99.9217,198.905,227.66],[70.1241,204.899,189.711],[53.5836,205.988,160.935],[43.7565,205.627,140.37],[[[0.688544,0.722325,0.0644516],[-0.601923,0.519672,0.606325],[0.40447,-0.456276,0.792601]],[[0.480748,0.842087,-0.244482],[-0.627119,0.525064,0.575352],[0.612865,-0.12328,0.780512]],[[0.480748,0.842087,-0.244482],[-0.721674,0.538346,0.435168],[0.498065,-0.0327694,0.86652]],[[0.480748,0.842087,-0.244482],[-0.763566,0.53911,0.355426],[0.431102,0.0158081,0.902165]]],0],[61,[-0.219935,-0.367131,-0.903794],6,57.279,[95.5916,230.137,91.2936],[90.8636,231.825,89.7411],[-654.071,216.328,-176.526],false,[113.948,216.704,223.241],[99.475,235.612,155.656],[100.034,250.957,116.729],[94.8565,242.314,95.4518],[89.547,228.456,87.9221],[[[0.925553,-0.26347,-0.271908],[0.320246,0.927879,0.191006],[0.201973,-0.263864,0.943177]],[[0.946462,-0.30473,-0.106533],[0.322538,0.879011,0.351153],[-0.0133627,-0.366714,0.930238]],[[0.946462,-0.30473,-0.106533],[0.236301,0.878837,-0.414496],[0.219935,0.367131,0.903794]],[[0.946462,-0.30473,-0.106533],[0.0491635,0.462232,-0.885395],[0.319049,0.832756,0.452466]]],1],[62,[-0.241571,-0.364647,-0.899264],6,65.2648,[118.021,222.209,80.3623],[112.743,223.756,78.7966],[-646.974,211.784,-226.626],false,[125.344,215.268,219.791],[120.326,230.491,153.753],[125.943,244.834,109.405],[119.252,234.734,84.4978],[111.126,220.477,76.3919],[[[0.876085,-0.450992,-0.170533],[0.476468,0.86396,0.162948],[0.0738454,-0.22401,0.971785]],[[0.878252,-0.476278,-0.042798],[0.462986,0.824509,0.325314],[-0.119653,-0.305523,0.944637]],[[0.878252,-0.476278,-0.042798],[0.412694,0.80012,-0.435307],[0.241571,0.364647,0.899264]],[[0.878252,-0.476278,-0.042798],[0.177588,0.407945,-0.895569],[0.443999,0.778935,0.44286]]],2],[63,[-0.0350031,-0.141407,-0.989332],6,62.7539,[145.603,212.973,75.445],[141.067,214.976,73.4373],[-728.667,113.937,-223.239],false,[136.134,210.835,217.127],[140.259,221.346,157.169],[142.661,221.013,113.718],[141.716,217.198,87.0238],[139.846,212.824,69.4583],[[[0.838976,-0.542878,-0.0374631],[0.539954,0.821949,0.181243],[-0.0676,-0.172287,0.982725]],[[0.829633,-0.556054,0.0501249],[0.555574,0.831111,0.0243455],[-0.0551968,0.00765024,0.998446]],[[0.829633,-0.556054,0.0501249],[0.557211,0.819029,-0.13678],[0.0350031,0.141407,0.989333]],[[0.829633,-0.556054,0.0501249],[0.548766,0.795631,-0.256568],[0.102785,0.240364,0.965226]]],3],[64,[0.0607726,-0.286119,-0.956265],6,49.1979,[169.913,191.524,99.9429],[164.561,192.99,97.6122],[-698.531,178.648,-256.665],false,[144.455,199.864,215.524],[156.41,208.733,161.042],[163.224,203.183,127.742],[164.382,197.732,109.525],[163.677,191.483,93.9587],[[[0.724687,-0.687467,0.0471002],[0.655764,0.709034,0.259314],[-0.211666,-0.157035,0.964644]],[[0.662355,-0.70515,0.253078],[0.72259,0.6905,0.0327775],[-0.197864,0.161161,0.96689]],[[0.662355,-0.70515,0.253078],[0.746721,0.648767,-0.146659],[-0.0607726,0.286119,0.956265]],[[0.662355,-0.70515,0.253078],[0.748012,0.603508,-0.276144],[0.0419886,0.372211,0.927198]]],4]],[[0,200,0],[235.247,235.247,147.751]]],[17412,1511103728920813,[[6,"right",[0.00221216,0.340155,-0.940367],[-0.355623,-0.878629,-0.31866],[116.512,219.265,172.249],[-553.743,228.091,-230.466],[120.782,217.523,174.278],0,0,0.341304,[[0.934654,-0.333946,-0.122071],[0.355492,0.871085,0.338875],[-0.00683143,-0.360126,0.932879]],62.0638,[123.035,107.876,467.497],[124.832,202.583,222.166]]],[[60,[-0.502784,0.0280777,-0.863956],6,50.7618,[44.4458,206.335,144.248],[40.8156,207.691,143.036],[-615.471,287.444,-134.772],false,[95.1315,201.512,225.253],[95.1315,201.512,225.253],[65.1267,207.389,187.45],[48.4296,208.322,158.758],[38.1493,208.077,138.414],[[[0.694602,0.717393,0.0536272],[-0.594006,0.529888,0.60529],[0.405814,-0.45229,0.794196]],[[0.48556,0.836062,-0.255404],[-0.619183,0.535151,0.574653],[0.617125,-0.120887,0.777524]],[[0.48556,0.836062,-0.255404],[-0.71515,0.547916,0.433992],[0.502784,-0.0280777,0.863956]],[[0.48556,0.836062,-0.255404],[-0.748897,0.54853,0.371844],[0.450981,0.0107185,0.892469]]],0],[61,[-0.229704,-0.369974,-0.900198],6,57.279,[89.2699,231.914,88.5651],[85.3304,233.24,86.959],[-650.388,201.987,-216.839],false,[109.27,219.158,220.586],[94.5235,237.569,152.923],[94.7839,252.397,113.793],[89.3762,243.687,92.6003],[83.9083,229.896,85.0593],[[[0.92173,-0.273251,-0.275223],[0.328733,0.926997,0.180585],[0.205786,-0.256925,0.944268]],[[0.943225,-0.312632,-0.112194],[0.332096,0.881304,0.336179],[-0.00622312,-0.354351,0.935092]],[[0.943225,-0.312632,-0.112194],[0.239922,0.87486,-0.420781],[0.229704,0.369974,0.900198]],[[0.943225,-0.312632,-0.112194],[0.048694,0.464278,-0.88435],[0.328566,0.828678,0.453142]]],1],[62,[-0.245386,-0.364863,-0.898143],6,65.2648,[112.019,223.849,77.3618],[107.373,225.004,75.8103],[-637.028,194.346,-260.074],false,[120.632,217.6,217.079],[115.321,232.265,150.938],[120.787,246.031,106.388],[113.99,235.925,81.5119],[105.768,221.789,73.291],[[[0.871422,-0.45945,-0.171844],[0.484268,0.86159,0.152142],[0.0781575,-0.215799,0.973305]],[[0.874128,-0.483853,-0.0422636],[0.471536,0.824568,0.312637],[-0.116421,-0.293214,0.948932]],[[0.874128,-0.483853,-0.0422636],[0.419149,0.795463,-0.437668],[0.245386,0.364863,0.898143]],[[0.874128,-0.483853,-0.0422636],[0.184676,0.41159,-0.892462],[0.449216,0.772321,0.449139]]],2],[63,[-0.0424866,-0.151961,-0.987473],6,62.7539,[139.16,213.939,72.6746],[135.407,215.734,70.6589],[-705.449,107.417,-247.942],false,[131.37,213.058,214.388],[135.202,222.994,154.313],[137.371,222.236,110.855],[136.225,218.135,84.2113],[134.191,213.562,66.7148],[[[0.834423,-0.549833,-0.0377184],[0.547535,0.819244,0.170425],[-0.062805,-0.162859,0.984648]],[[0.82539,-0.562254,0.051012],[0.562359,0.826781,0.0136372],[-0.0498433,0.017431,0.998605]],[[0.82539,-0.562254,0.051012],[0.562963,0.812883,-0.149316],[0.0424866,0.151961,0.987473]],[[0.82539,-0.562254,0.051012],[0.553389,0.787856,-0.270266],[0.111768,0.251304,0.961433]]],3],[64,[0.048135,-0.29722,-0.953595],6,49.1979,[163.259,192.774,97.089],[158.71,193.858,94.8754],[-691.516,156.809,-271.317],false,[139.595,202.007,212.833],[151.277,210.289,158.201],[157.776,204.391,124.898],[158.693,198.729,106.731],[157.737,192.289,91.2559],[[[0.71953,-0.692741,0.0488602],[0.662938,0.706124,0.248802],[-0.206856,-0.146629,0.967321]],[[0.658891,-0.708075,0.253954],[0.728192,0.685059,0.0207675],[-0.188679,0.171244,0.966993]],[[0.658891,-0.708075,0.253954],[0.750697,0.640539,-0.161752],[-0.048135,0.29722,0.953595]],[[0.658891,-0.708075,0.253954],[0.750082,0.592888,-0.29302],[0.0569134,0.383555,0.921763]]],4]],[[0,200,0],[235.247,235.247,147.751]]],[17413,1511103728929425,[[6,"right",[-0.00552241,0.326331,-0.945239],[-0.368624,-0.87935,-0.30143],[112.161,221.229,169.028],[-540.919,228.094,-268.436],[115.87,219.634,171.287],0,0,0.379491,[[0.929564,-0.340559,-0.141176],[0.368576,0.866719,0.336081],[0.00790453,-0.364443,0.931192]],62.0638,[122.983,109.349,463.97],[120.904,205.191,219.083]]],[[60,[-0.513885,0.0200869,-0.857624],6,50.7618,[38.6557,209.051,142.268],[35.7529,210.154,141.03],[-611.27,287.231,-159.209],false,[91.2338,204.482,222.538],[91.2338,204.482,222.538],[60.796,210.084,185.04],[43.7301,210.751,156.559],[32.847,210.558,136.531],[[[0.702683,0.710652,0.0348004],[-0.581097,0.544983,0.604417],[0.410564,-0.444935,0.795908]],[[0.490339,0.827196,-0.274435],[-0.606342,0.549973,0.574351],[0.626033,-0.115225,0.771237]],[[0.490339,0.827196,-0.274435],[-0.70391,0.561554,0.434933],[0.513885,-0.0200869,0.857624]],[[0.490339,0.827196,-0.274435],[-0.729129,0.561849,0.390764],[0.47743,0.00849189,0.878629]]],0],[61,[-0.245187,-0.374217,-0.89434],6,57.279,[83.4755,233.322,85.4646],[79.9544,234.354,83.721],[-645.453,184.336,-261.929],false,[105.499,221.906,217.444],[90.1348,239.482,149.696],[89.89,253.596,110.303],[84.1177,244.786,89.2483],[78.4135,231.08,81.7285],[[[0.915439,-0.287058,-0.28208],[0.340585,0.925979,0.162985],[0.214414,-0.245276,0.945445]],[[0.938295,-0.323676,-0.121802],[0.345786,0.884006,0.314588],[0.00584933,-0.337294,0.941381]],[[0.938295,-0.323676,-0.121802],[0.243896,0.86902,-0.430487],[0.245187,0.374217,0.89434]],[[0.938295,-0.323676,-0.121802],[0.0459422,0.465736,-0.88373],[0.34277,0.823604,0.451868]]],1],[62,[-0.256212,-0.369725,-0.893117],6,65.2648,[106.455,224.967,74.0835],[102.031,225.739,72.355],[-632.495,166.226,-299.82],false,[116.802,220.176,213.825],[110.85,233.928,147.543],[115.891,246.852,102.692],[108.795,236.612,77.9549],[100.387,222.568,69.7639],[[[0.864426,-0.47118,-0.175378],[0.495073,0.858508,0.133667],[0.0875821,-0.20237,0.975385]],[[0.868412,-0.493825,-0.0446958],[0.484079,0.824837,0.292083],[-0.107371,-0.275284,0.955348]],[[0.868412,-0.493825,-0.0446958],[0.424519,0.787045,-0.447597],[0.256212,0.369725,0.893117]],[[0.868412,-0.493825,-0.0446958],[0.186698,0.409156,-0.89316],[0.459352,0.767287,0.447512]]],2],[63,[-0.0556019,-0.16695,-0.984396],6,62.7539,[133.234,214.476,69.5715],[129.799,215.938,67.2972],[-689.819,86.3171,-284.812],false,[127.459,215.481,211.075],[130.672,224.496,150.818],[132.362,223.084,107.356],[130.862,218.579,80.7947],[128.564,213.738,63.4031],[[[0.828096,-0.559193,-0.0395046],[0.558107,0.815762,0.151821],[-0.0526708,-0.14777,0.987618]],[[0.819883,-0.570308,0.0504124],[0.571214,0.820789,-0.00446851],[-0.0388295,0.0324599,0.998718]],[[0.819883,-0.570308,0.0504124],[0.569825,0.804286,-0.168589],[0.0556019,0.16695,0.984396]],[[0.819883,-0.570308,0.0504124],[0.558435,0.777171,-0.290095],[0.126265,0.265996,0.955669]]],3],[64,[0.0298666,-0.313554,-0.9491],6,49.1979,[157.108,193.505,93.9855],[152.988,194.191,91.556],[-684.993,125.053,-300.888],false,[135.547,204.322,209.586],[146.659,211.678,154.702],[152.643,205.223,121.406],[153.212,199.25,103.325],[151.916,192.545,87.9882],[[[0.712759,-0.699586,0.0505284],[0.673251,0.702575,0.230482],[-0.196742,-0.13026,0.971764]],[[0.654775,-0.711295,0.255595],[0.735577,0.67744,0.000869377],[-0.173769,0.187441,0.966784]],[[0.654775,-0.711295,0.255595],[0.755233,0.629081,-0.184064],[-0.0298666,0.313554,0.949101]],[[0.654775,-0.711295,0.255595],[0.751867,0.578415,-0.316438],[0.0772409,0.399369,0.913531]]],4]],[[0,200,0],[235.247,235.247,147.751]]],[17414,1511103728938073,[[6,"right",[-0.0141527,0.311249,-0.950223],[-0.383624,-0.879284,-0.282299],[108.086,222.986,165.702],[-522.407,221.466,-299.258],[111.491,221.52,168.145],0,0,0.417012,[[0.923154,-0.349668,-0.159747],[0.383834,0.861512,0.332368],[0.0214054,-0.368143,0.929523]],62.0638,[122.93,110.823,460.338],[117.301,207.638,215.889]]],[[60,[-0.527157,0.012434,-0.849677],6,50.7618,[33.1526,211.699,140.32],[30.8172,212.611,139.125],[-604.645,287.106,-173.229],false,[87.6729,207.362,219.748],[87.6729,207.362,219.748],[56.7423,212.697,182.616],[39.2357,213.11,154.399],[27.6046,213.074,134.794],[[[0.711928,0.702112,0.0140217],[-0.566046,0.561913,0.603196],[0.415632,-0.437369,0.79747]],[[0.495696,0.816647,-0.295589],[-0.591249,0.566612,0.573912],[0.636168,-0.109719,0.763709]],[[0.495696,0.816647,-0.295589],[-0.690211,0.577003,0.436665],[0.527157,-0.012434,0.849677]],[[0.495696,0.816647,-0.295589],[-0.702808,0.577135,0.415903],[0.510241,0.00158096,0.86003]]],0],[61,[-0.263165,-0.378736,-0.887301],6,57.279,[77.9742,234.43,82.194],[74.7103,235.226,80.4225],[-637.433,163.54,-296.33],false,[102.085,224.52,214.185],[86.0322,241.207,146.372],[85.2068,254.546,106.718],[79.0113,245.63,85.8287],[73.029,232.019,78.3525],[[[0.907896,-0.303156,-0.289519],[0.354312,0.924051,0.143504],[0.224026,-0.232867,0.946354]],[[0.932172,-0.336816,-0.132706],[0.361479,0.885967,0.290508],[0.0197253,-0.318774,0.947626]],[[0.932172,-0.336816,-0.132706],[0.248597,0.86204,-0.441686],[0.263165,0.378736,0.887301]],[[0.932172,-0.336816,-0.132706],[0.0427761,0.466485,-0.883494],[0.359481,0.817892,0.449251]]],1],[62,[-0.268155,-0.373149,-0.888174],6,65.2648,[101.171,225.737,70.6136],[96.8394,226.224,68.7669],[-623.785,138.302,-333.322],false,[113.316,222.589,210.445],[106.646,235.356,144.035],[111.197,247.372,98.8795],[103.77,237.036,74.2794],[95.1526,223.127,66.0768],[[[0.856023,-0.484886,-0.179195],[0.507534,0.854159,0.113234],[0.0981557,-0.187878,0.977275]],[[0.861474,-0.505558,-0.0476934],[0.498463,0.823961,0.269487],[-0.0969435,-0.255929,0.961822]],[[0.861474,-0.505558,-0.0476934],[0.431227,0.777928,-0.457025],[0.268155,0.373149,0.888174]],[[0.861474,-0.505558,-0.0476934],[0.190319,0.40852,-0.892687],[0.470789,0.759949,0.448146]]],2],[63,[-0.0703364,-0.183644,-0.980473],6,62.7539,[127.604,214.598,66.2954],[124.307,215.737,63.8678],[-673.434,58.2538,-313.629],false,[123.875,217.715,207.63],[126.39,225.726,147.199],[127.561,223.599,103.748],[125.663,218.644,77.2929],[123.063,213.501,60.0309],[[[0.820425,-0.57025,-0.0414506],[0.570266,0.810909,0.131237],[-0.0412254,-0.131308,0.990484]],[[0.8131,-0.579947,0.0502954],[0.581502,0.813186,-0.0241524],[-0.0268924,0.0488852,0.998442]],[[0.8131,-0.579947,0.0502954],[0.577859,0.793685,-0.190112],[0.0703364,0.183644,0.980473]],[[0.8131,-0.579947,0.0502954],[0.564318,0.764076,-0.312621],[0.142874,0.282575,0.948546]]],3],[64,[0.011707,-0.3295,-0.944083],6,49.1979,[151.294,193.835,90.7151],[147.453,194.19,88.1461],[-672.965,92.159,-325.216],false,[131.802,206.431,206.214],[142.266,212.769,151.077],[147.711,205.725,117.807],[147.934,199.448,99.8218],[146.308,192.498,84.6259],[[[0.704561,-0.707709,0.0523551],[0.685033,0.697535,0.210181],[-0.185266,-0.11222,0.97626]],[[0.649404,-0.71543,0.257749],[0.743829,0.668079,-0.0197164],[-0.158091,0.204525,0.966011]],[[0.649404,-0.71543,0.257749],[0.760353,0.616109,-0.205603],[-0.011707,0.3295,0.944083]],[[0.649404,-0.71543,0.257749],[0.754254,0.562832,-0.338115],[0.0968278,0.413981,0.905121]]],4]],[[0,200,0],[235.247,235.247,147.751]]],[17415,1511103728946817,[[6,"right",[-0.017343,0.317707,-0.94803],[-0.396454,-0.872635,-0.285188],[103.863,223.189,162.682],[-511.851,168.365,-311.623],[107.28,222.441,165.129],0,0,0.450979,[[0.917062,-0.356902,-0.177814],[0.396822,0.860606,0.319201],[0.0391043,-0.363288,0.930856]],62.0